beta U S
0.03 2.8800899055655 1.9441121716946
0.04 2.8402129357279 1.9427165358031
0.05 2.8004154546047 1.9409257235605
0.06 2.7607169880479 1.9387423984908
0.07 2.7211368336225 1.9361697950189
0.08 2.6816940175166 1.9332117061076
0.09 2.6424072528154 1.9298724688577
0.1 2.6032948993338 1.9261569481691
0.11 2.5643749251928 1.9220705185768
0.12 2.5256648703071 1.9176190443864
0.13 2.4871818119377 1.9128088582413
0.14 2.4489423324436 1.907646738265
0.15 2.4109624893528 1.9021398839274
0.16 2.3732577878506 1.8962958907891
0.17 2.3358431557676 1.8901227242832
0.18 2.298732921129 1.8836286926938
0.19 2.2619407923094 1.8768224194954
0.2 2.2254798408178 1.8697128152112
0.21 2.1893624867207 1.8623090489532
0.22 2.1536004866916 1.854620519797
0.23 2.1182049246616 1.8466568281446
0.24 2.083186205027 1.8384277472207
0.25 2.0485540483568 1.8299431948417
0.26 2.0143174895295 1.8212132055892
0.27 1.980484878215 1.8122479035124
0.28 1.947063881607 1.8030574754728
0.29 1.9140614893018 1.7936521452375
0.3 1.8814840202107 1.7840421484158
0.31 1.8493371313857 1.7742377083254
0.32 1.8176258286318 1.7642490128624
0.33 1.786354478778 1.7540861924408
0.34 1.7555268234711 1.7437592990552
0.35 1.7251459943583 1.7332782865134
0.36 1.6952145295219 1.7226529918709
0.37 1.6657343910306 1.7118931180958
0.38 1.6367069834719 1.7010082179788
0.39 1.6081331733345 1.6900076792965
0.4 1.5800133091101 1.6789007112285
0.41 1.5523472419901 1.6676963320199
0.42 1.5251343470357 1.6564033578752
0.43 1.4983735447046 1.6450303930627
0.44 1.4720633226263 1.6335858212019
0.45 1.4462017575177 1.6220777977037
0.46 1.4207865371442 1.6105142433257
0.47 1.3958149822318 1.5989028388036
0.48 1.3712840682462 1.5872510205139
0.49 1.3471904469594 1.5755659771239
0.5 1.3235304677322 1.5638546471778
0.51 1.3003001984471 1.5521237175717
0.52 1.2774954460321 1.5403796228631
0.53 1.2551117765242 1.5286285453665
0.54 1.2331445346251 1.516876415979
0.55 1.2115888627095 1.5051289156861
0.56 1.1904397192514 1.4933914776948
0.57 1.1696918966395 1.4816692901427
0.58 1.1493400383581 1.4699672993331
0.59 1.1293786555139 1.4582902134465
0.6 1.1098021426958 1.4466425066813
0.61 1.0906047931571 1.4350284237779
0.62 1.0717808133132 1.4234519848811
0.63 1.0533243365553 1.4119169906987
0.64 1.0352294363777 1.400427027917
0.65 1.0174901388258 1.3889854748321
0.66 1.0001004342701 1.3775955071643
0.67 0.98305428851598 1.3662601040181
0.68 0.96634565326082 1.3549820539576
0.69 0.9499684759122 1.3437639611674
0.7 0.93391670878173 1.33260825167
0.71 0.91818431767162 1.3215171795749
0.72 0.9027652898714 1.3104928333356
0.73 0.88765364158391 1.2995371419925
0.74 0.87284342479974 1.2886518813813
0.75 0.85832873364066 1.2778386802906
0.76 0.84410371019255 1.2670990265499
0.77 0.83016254984879 1.256434273036
0.78 0.81649950618533 1.2458456435825
0.79 0.80310889538859 1.2353342387835
0.8 0.78998510025732 1.2249010416783
0.81 0.77712257379941 1.2145469233115
0.82 0.76451584244436 1.204272648159
0.83 0.75215950889181 1.1940788794147
0.84 0.74004825461612 1.1839661841324
0.85 0.72817684204658 1.1739350382186
0.86 0.71654011644219 1.1639858312737
0.87 0.70513300747975 1.1541188712783
0.88 0.6939505305729 1.1443343891241
0.89 0.68298778793966 1.1346325429879
0.9 0.67223996943509 1.1250134225488
0.91 0.66170235316516 1.115477053049
0.92 0.65137030589724 1.1060233991992
0.93 0.64123928328206 1.0966523689307
0.94 0.63130482990115 1.0873638169943
0.95 0.62156257915329 1.0781575484104
0.96 0.6120082529929 1.0690333217718
0.97 0.60263766153233 1.059990852402
0.98 0.5934467025199 1.0510298153724
0.99 0.58443136070445 1.0421498483816
1 0.57558770709677 1.033350554501
1.01 0.5669118981379 1.0246315047888
1.02 0.55840017478318 1.0159922407776
1.03 0.55004886151109 1.0074322768391
1.04 0.54185436526465 0.99895110242939
1.05 0.53381317433342 0.99054818421871
1.06 0.52592185718282 0.98222296811078
1.07 0.51817706123786 0.9739748811541
1.08 0.5105755116272 0.96580333335032
1.09 0.50311400989351 0.95770771936306
1.1 0.49578943267552 0.94968742013128
1.11 0.48859873036667 0.94174180439097
1.12 0.48153892575515 0.93387023010888
1.13 0.47460711264949 0.92607204583217
1.14 0.46780045449371 0.91834659195737
1.15 0.4611161829757 0.9106932019224
1.16 0.45455159663217 0.90311120332503
1.17 0.44810405945314 0.89559991897111
1.18 0.44177099948896 0.88815866785588
1.19 0.43554990746228 0.88078676608162
1.2 0.42943833538728 0.87348352771454
1.21 0.4234338951984 0.86624826558404
1.22 0.41753425739035 0.85908029202715
1.23 0.41173714967114 0.85197891958092
1.24 0.4060403556297 0.84494346162547
1.25 0.4004417134194 0.83797323298023
1.26 0.39493911445876 0.8310675504559
1.27 0.38953050215027 0.82422573336443
1.28 0.38421387061845 0.81744710398939
1.29 0.3789872634678 0.81073098801878
1.3 0.37384877256137 0.8040767149426
1.31 0.36879653682057 0.79748361841691
1.32 0.36382874104668 0.79095103659645
1.33 0.3589436147645 0.78447831243769
1.34 0.35413943108829 0.77806479397388
1.35 0.34941450561053 0.77170983456396
1.36 0.34476719531334 0.76541279311671
1.37 0.34019589750291 0.75917303429187
1.38 0.33569904876683 0.75298992867941
1.39 0.33127512395443 0.7468628529586
1.4 0.32692263517994 0.74079119003791
1.41 0.32264013084843 0.73477432917708
1.42 0.3184261947045 0.72881166609262
1.43 0.31427944490328 0.72290260304765
1.44 0.3101985331038 0.71704654892725
1.45 0.30618214358429 0.71124291930035
1.46 0.30222899237931 0.70549113646894
1.47 0.29833782643828 0.69979062950562
1.48 0.2945074228052 0.6941408342803
1.49 0.29073658781917 0.68854119347682
1.5 0.28702415633548 0.68299115660019
1.51 0.28336899096675 0.67749017997529
1.52 0.27976998134394 0.67203772673753
1.53 0.27622604339673 0.66663326681621
1.54 0.27273611865296 0.66127627691111
1.55 0.26929917355672 0.65596624046294
1.56 0.26591419880474 0.65070264761796
1.57 0.26258020870061 0.64548499518761
1.58 0.25929624052656 0.64031278660324
1.59 0.25606135393228 0.63518553186659
1.6 0.25287463034049 0.63010274749642
1.61 0.24973517236885 0.62506395647153
1.62 0.24664210326774 0.62006868817066
1.63 0.24359456637363 0.6151164783095
1.64 0.24059172457764 0.61020686887524
1.65 0.23763275980884 0.60533940805882
1.66 0.23471687253199 0.6005136501852
1.67 0.23184328125931 0.59572915564192
1.68 0.22901122207598 0.59098549080616
1.69 0.22621994817888 0.58628222797055
1.7 0.22346872942841 0.58161894526787
1.71 0.2207568519128 0.57699522659487
1.72 0.21808361752487 0.57241066153539
1.73 0.21544834355057 0.56786484528291
1.74 0.21285036226926 0.56335737856275
1.75 0.21028902056526 0.55888786755391
1.76 0.20776367955039 0.55445592381087
1.77 0.20527371419715 0.55006116418527
1.78 0.20281851298235 0.54570321074782
1.79 0.2003974775408 0.54138169071023
1.8 0.19801002232877 0.53709623634751
1.81 0.19565557429702 0.53284648492065
1.82 0.19333357257304 0.52863207859967
1.83 0.19104346815229 0.52445266438721
1.84 0.18878472359818 0.52030789404269
1.85 0.18655681275045 0.51619742400708
1.86 0.18435922044189 0.51212091532835
1.87 0.18219144222292 0.50807803358763
1.88 0.180052984094 0.5040684488262
1.89 0.17794336224553 0.50009183547313
1.9 0.17586210280508 0.49614787227394
1.91 0.17380874159165 0.49223624221998
1.92 0.17178282387687 0.48835663247873
1.93 0.16978390415284 0.48450873432507
1.94 0.16781154590647 0.48069224307336
1.95 0.16586532140007 0.47690685801058
1.96 0.16394481145808 0.47315228233035
1.97 0.16204960525967 0.46942822306793
1.98 0.16017930013717 0.46573439103622
1.99 0.15833350137995 0.4620705007627
2 0.15651182204379 0.45843627042738
2.01 0.15471388276552 0.45483142180173
2.02 0.15293931158265 0.45125568018859
2.03 0.15118774375802 0.44770877436309
2.04 0.14945882160923 0.44419043651449
2.05 0.1477521943427 0.44070040218911
2.06 0.14606751789222 0.43723841023412
2.07 0.14440445476198 0.43380420274235
2.08 0.14276267387371 0.4303975249981
2.09 0.14114185041804 0.42701812542385
2.1 0.13954166570984 0.42366575552793
2.11 0.1379618070474 0.42034016985313
2.12 0.13640196757545 0.41704112592627
2.13 0.13486184615176 0.41376838420865
2.14 0.13334114721735 0.4105217080474
2.15 0.13183958067013 0.4073008636278
2.16 0.13035686174182 0.40410561992638
2.17 0.12889271087822 0.40093574866495
2.18 0.12744685362257 0.39779102426555
2.19 0.12601902050194 0.39467122380609
2.2 0.12460894691666 0.39157612697703
2.21 0.12321637303257 0.38850551603868
2.22 0.12184104367612 0.38545917577946
2.23 0.12048270823212 0.38243689347491
2.24 0.11914112054419 0.37943845884745
2.25 0.11781603881776 0.37646366402697
2.26 0.11650722552552 0.37351230351213
2.27 0.11521444731531 0.37058417413243
2.28 0.11393747492038 0.36767907501102
2.29 0.1126760830719 0.36479680752819
2.3 0.11143005041365 0.36193717528563
2.31 0.11019915941897 0.35909998407131
2.32 0.10898319630968 0.3562850418251
2.33 0.10778195097707 0.35349215860501
2.34 0.10659521690492 0.35072114655414
2.35 0.10542279109434 0.34797181986821
2.36 0.10426447399054 0.34524399476376
2.37 0.10312006941139 0.34253748944697
2.38 0.10198938447773 0.33985212408306
2.39 0.10087222954541 0.3371877207663
2.4 0.099768418138963 0.3345441034906
2.41 0.098677766886931 0.33192109812066
2.42 0.097600095458721 0.32931853236371
2.43 0.096535226503019 0.32673623574173
2.44 0.095482985587677 0.32417403956432
2.45 0.094443201141045 0.32163177690195
2.46 0.093415704394708 0.31910928255986
2.47 0.09240032932759 0.31660639305235
2.48 0.091396912611381 0.31412294657767
2.49 0.090405293557268 0.31165878299332
2.5 0.089425314063907 0.30921374379181
2.51 0.088456818566635 0.30678767207699
2.52 0.087499653987862 0.30438041254067
2.53 0.086553669688621 0.30199181143985
2.54 0.085618717421251 0.29962171657428
2.55 0.084694651283172 0.29726997726446
2.56 0.083781327671729 0.2949364443301
2.57 0.082878605240074 0.29262097006891
2.58 0.081986344854066 0.29032340823591
2.59 0.081104409550143 0.28804361402301
2.6 0.080232664494168 0.285781444039
2.61 0.079370976941195 0.28353675628999
2.62 0.078519216196156 0.28130941016013
2.63 0.077677253575424 0.27909926639272
2.64 0.076844962369248 0.27690618707167
2.65 0.076022217805013 0.27473003560332
2.66 0.075208897011338 0.27257067669856
2.67 0.074404878982955 0.27042797635529
2.68 0.073610044546374 0.26830180184125
2.69 0.072824276326298 0.26619202167709
2.7 0.072047458712782 0.26409850561979
2.71 0.071279477829108 0.26202112464639
2.72 0.070520221500357 0.259959750938
2.73 0.06976957922267 0.25791425786407
2.74 0.069027442133169 0.25588451996701
2.75 0.068293702980531 0.25387041294703
2.76 0.067568256096192 0.25187181364728
2.77 0.066850997366166 0.24988860003925
2.78 0.066141824203472 0.2479206512084
2.79 0.065440635521139 0.24596784734011
2.8 0.064747331705789 0.24403006970581
2.81 0.064061814591773 0.24210720064938
2.82 0.063383987435859 0.24019912357384
2.83 0.062713754892438 0.23830572292816
2.84 0.062051022989263 0.2364268841944
2.85 0.06139569910368 0.23456249387502
2.86 0.060747691939359 0.23271243948046
2.87 0.060106911503505 0.23087660951685
2.88 0.059473269084535 0.22905489347403
2.89 0.058846677230221 0.2272471818137
2.9 0.05822704972627 0.22545336595778
2.91 0.057614301575347 0.22367333827705
2.92 0.057008348976522 0.22190699207983
2.93 0.056409109305136 0.22015422160101
2.94 0.055816501093067 0.21841492199116
2.95 0.055230444009399 0.21668898930585
2.96 0.054650858841471 0.21497632049518
2.97 0.054077667476316 0.2132768133934
2.98 0.053510792882453 0.21159036670882
2.99 0.052950159092056 0.20991688001378
3 0.052395691183464 0.20825625373484
3.01 0.051847315264039 0.2066083891431
3.02 0.051304958453364 0.20497318834474
3.03 0.050768548866761 0.20335055427159
3.04 0.05023801559914 0.20174039067201
3.05 0.049713288709153 0.20014260210175
3.06 0.049194299203662 0.19855709391513
3.07 0.0486809790225 0.19698377225619
3.08 0.048173261023529 0.19542254405011
3.09 0.047671078967984 0.19387331699467
3.1 0.047174367506096 0.19233599955196
3.11 0.046683062162986 0.19081050094007
3.12 0.046197099324834 0.18929673112503
3.13 0.0457164162253 0.18779460081283
3.14 0.045240950932207 0.18630402144157
3.15 0.044770642334472 0.1848249051737
3.16 0.044305430129286 0.18335716488841
3.17 0.043845254809521 0.18190071417417
3.18 0.043390057651385 0.1804554673213
3.19 0.042939780702301 0.17902133931469
3.2 0.042494366769003 0.17759824582669
3.21 0.042053759405863 0.17618610320997
3.22 0.04161790290342 0.17478482849065
3.23 0.041186742277132 0.17339433936138
3.24 0.040760223256317 0.17201455417462
3.25 0.040338292273312 0.170645391936
3.26 0.039920896452815 0.16928677229773
3.27 0.039507983601427 0.16793861555219
3.28 0.039099502197377 0.16660084262551
3.29 0.038695401380437 0.16527337507133
3.3 0.03829563094201 0.16395613506461
3.31 0.037900141315404 0.16264904539553
3.32 0.037508883566269 0.16135202946349
3.33 0.03712180938321 0.16006501127116
3.34 0.036738871068563 0.15878791541866
3.35 0.036360021529336 0.15752066709779
3.36 0.035985214268301 0.15626319208636
3.37 0.035614403375255 0.15501541674259
3.38 0.035247543518419 0.15377726799956
3.39 0.034884589935998 0.1525486733598
3.4 0.034525498427879 0.15132956088986
3.41 0.03417022534748 0.15011985921508
3.42 0.033818727593729 0.14891949751431
3.43 0.033470962603192 0.14772840551476
3.44 0.033126888342328 0.14654651348693
3.45 0.032786463299879 0.14537375223955
3.46 0.032449646479387 0.14421005311465
3.47 0.032116397391843 0.14305534798268
3.48 0.031786676048453 0.14190956923766
3.49 0.031460442953533 0.14077264979241
3.5 0.031137659097518 0.13964452307388
3.51 0.030818285950091 0.13852512301847
3.52 0.030502285453426 0.1374143840675
3.53 0.03018962001554 0.13631224116263
3.54 0.029880252503764 0.13521862974142
3.55 0.029574146238313 0.13413348573294
3.56 0.029271264985965 0.13305674555337
3.57 0.028971572953849 0.13198834610176
3.58 0.028675034783324 0.13092822475573
3.59 0.028381615543969 0.12987631936731
3.6 0.028091280727666 0.12883256825879
3.61 0.027803996242778 0.12779691021861
3.62 0.027519728408424 0.12676928449737
3.63 0.027238443948847 0.12574963080379
3.64 0.026960109987866 0.12473788930078
3.65 0.026684694043429 0.12373400060156
3.66 0.026412164022242 0.12273790576579
3.67 0.02614248821449 0.12174954629577
3.68 0.02587563528864 0.12076886413272
3.69 0.025611574286328 0.119795801653
3.7 0.025350274617323 0.11883030166449
3.71 0.025091706054578 0.11787230740294
3.72 0.02483583872935 0.1169217625284
3.73 0.024582643126404 0.11597861112165
3.74 0.024332090079286 0.11504279768074
3.75 0.024084150765676 0.11411426711746
3.76 0.02383879670281 0.11319296475399
3.77 0.02359599974297 0.11227883631947
3.78 0.02335573206905 0.11137182794666
3.79 0.023117966190188 0.11047188616863
3.8 0.022882674937462 0.10957895791549
3.81 0.022649831459657 0.10869299051115
3.82 0.022419409219096 0.10781393167013
3.83 0.022191381987529 0.10694172949438
3.84 0.021965723842093 0.10607633247015
3.85 0.021742409161329 0.1052176894649
3.86 0.021521412621257 0.10436574972423
3.87 0.021302709191516 0.10352046286885
3.88 0.021086274131557 0.10268177889159
3.89 0.020872082986898 0.1018496481544
3.9 0.020660111585428 0.10102402138547
3.91 0.020450336033775 0.10020484967625
3.92 0.020242732713723 0.099392084478674
3.93 0.020037278278681 0.098585677602216
3.94 0.019833949650209 0.097785581211136
3.95 0.01963272401459 0.096991747821679
3.96 0.01943357881946 0.096204130299311
3.97 0.019236491770478 0.095422681855998
3.98 0.019041440828053 0.094647356047498
3.99 0.018848404204115 0.093878106770691
4 0.018657360358934 0.093114888260931
4.01 0.018468287997985 0.092357655089424
4.02 0.018281166068858 0.091606362160632
4.03 0.018095973758217 0.090860964709708
4.04 0.017912690488796 0.090121418299949
4.05 0.017731295916442 0.089387678820276
4.06 0.017551769927203 0.088659702482745
4.07 0.017374092634454 0.087937445820072
4.08 0.017198244376062 0.087220865683188
4.09 0.017024205711602 0.08650991923882
4.1 0.016851957419597 0.085804563967085
4.11 0.016681480494812 0.08510475765912
4.12 0.016512756145578 0.084410458414726
4.13 0.016345765791153 0.083721624640034
4.14 0.016180491059129 0.083038215045197
4.15 0.016016913782863 0.082360188642105
4.16 0.015855015998954 0.081687504742111
4.17 0.015694779944754 0.081020122953792
4.18 0.015536188055905 0.08035800318072
4.19 0.015379222963924 0.079701105619258
4.2 0.01522386749381 0.079049390756377
4.21 0.015070104661691 0.078402819367489
4.22 0.014917917672501 0.077761352514305
4.23 0.014767289917687 0.077124951542705
4.24 0.014618204972953 0.076493578080636
4.25 0.01447064659603 0.075867194036022
4.26 0.014324598724482 0.075245761594693
4.27 0.014180045473533 0.074629243218338
4.28 0.014036971133932 0.074017601642471
4.29 0.013895360169846 0.073410799874414
4.3 0.013755197216777 0.0728088011913
4.31 0.013616467079511 0.072211569138099
4.32 0.013479154730096 0.071619067525645
4.33 0.013343245305842 0.071031260428701
4.34 0.013208724107353 0.070448112184022
4.35 0.013075576596581 0.069869587388445
4.36 0.012943788394915 0.069295650896997
4.37 0.012813345281281 0.068726267821008
4.38 0.012684233190282 0.06816140352625
4.39 0.012556438210351 0.067601023631093
4.4 0.012429946581941 0.067045094004662
4.41 0.012304744695724 0.066493580765032
4.42 0.012180819090828 0.065946450277413
4.43 0.012058156453087 0.065403669152372
4.44 0.011936743613321 0.064865204244056
4.45 0.011816567545632 0.064331022648435
4.46 0.011697615365733 0.063801091701559
4.47 0.011579874329284 0.063275378977827
4.48 0.011463331830263 0.062753852288271
4.49 0.01134797539935 0.062236479678859
4.5 0.011233792702339 0.061723229428803
4.51 0.011120771538563 0.061214070048887
4.52 0.011008899839344 0.060708970279806
4.53 0.010898165666463 0.060207899090518
4.54 0.010788557210649 0.059710825676611
4.55 0.010680062790086 0.059217719458682
4.56 0.010572670848943 0.058728550080726
4.57 0.010466369955918 0.058243287408544
4.58 0.010361148802806 0.057761901528159
4.59 0.010256996203079 0.057284362744242
4.6 0.010153901090491 0.05681064157856
4.61 0.010051852517695 0.056340708768421
4.62 0.0099508396548819 0.05587453526515
4.63 0.0098508517884337 0.055412092232557
4.64 0.0097518783195946 0.054953351045433
4.65 0.00965390876316 0.054498283288048
4.66 0.0095569327461805 0.054046860752666
4.67 0.0094609400066835 0.053599055438063
4.68 0.00936592039241 0.053154839548071
4.69 0.0092718638595676 0.052714185490116
4.7 0.0091787604715994 0.05227706587378
4.71 0.0090866003979674 0.051843453509369
4.72 0.0089953739129524 0.051413321406489
4.73 0.0089050713944677 0.050986642772639
4.74 0.0088156833228882 0.050563391011809
4.75 0.0087272002798937 0.050143539723093
4.76 0.0086396129473269 0.049727062699307
4.77 0.0085529121060655 0.049313933925623
4.78 0.0084670886349074 0.04890412757821
4.79 0.0083821335094712 0.048497618022885
4.8 0.0082980378011086 0.048094379813772
4.81 0.0082147926758316 0.047694387691979
4.82 0.0081323893932518 0.047297616584276
4.83 0.0080508193055331 0.046904041601783
4.84 0.0079700738563574 0.046513638038676
4.85 0.0078901445799027 0.046126381370893
4.86 0.0078110230998336 0.045742247254854
4.87 0.0077327011283042 0.045361211526191
4.88 0.0076551704649733 0.044983250198483
4.89 0.0075784229960312 0.044608339462004
4.9 0.0075024506932382 0.044236455682482
4.91 0.0074272456129757 0.043867575399858
4.92 0.007352799895307 0.043501675327066
4.93 0.0072791057630515 0.04313873234881
4.94 0.0072061555208682 0.042778723520359
4.95 0.0071339415543513 0.042421626066344
4.96 0.0070624563291366 0.042067417379572
4.97 0.006991692390018 0.041716075019834
4.98 0.006921642360075 0.041367576712738
4.99 0.0068522989398107 0.041021900348541
5 0.0067836549062998 0.040679023980987
5.01 0.0067157031123472 0.040338925826162
5.02 0.0066484364856557 0.04000158426135
5.03 0.0065818480280048 0.039666977823898
5.04 0.0065159308144382 0.039335085210094
5.05 0.0064506779924614 0.039005885274045
5.06 0.006386082781249 0.038679357026569
5.07 0.0063221384708607 0.038355479634092
5.08 0.0062588384214671 0.038034232417555
5.09 0.0061961760625844 0.037715594851326
5.1 0.0061341448923181 0.037399546562119
5.11 0.0060727384766157 0.037086067327924
5.12 0.0060119504485281 0.036775137076943
5.13 0.0059517745074793 0.036466735886533
5.14 0.0058922044185454 0.036160843982153
5.15 0.0058332340117411 0.035857441736326
5.16 0.0057748571813154 0.035556509667602
5.17 0.005717067885055 0.035258028439528
5.18 0.0056598601435956 0.034961978859629
5.19 0.0056032280397418 0.034668341878396
5.2 0.0055471657177945 0.034377098588275
5.21 0.0054916673828862 0.034088230222667
5.22 0.0054367273003236 0.03380171815494
5.23 0.0053823397949387 0.033517543897436
5.24 0.0053284992504467 0.033235689100496
5.25 0.005275200108811 0.032956135551485
5.26 0.0052224368696164 0.032678865173826
5.27 0.0051702040894489 0.032403860026041
5.28 0.0051184963812829 0.032131102300795
5.29 0.0050673084138751 0.031860574323955
5.3 0.0050166349111654 0.031592258553644
5.31 0.0049664706516855 0.031326137579311
5.32 0.0049168104679725 0.031062194120801
5.33 0.0048676492459912 0.030800411027435
5.34 0.0048189819245615 0.030540771277096
5.35 0.0047708034947929 0.03028325797532
5.36 0.0047231089995256 0.03002785435439
5.37 0.0046758935327774 0.029774543772446
5.38 0.0046291522391975 0.029523309712588
5.39 0.004582880313526 0.029274135781998
5.4 0.0045370730000597 0.029027005711056
5.41 0.0044917255921242 0.02878190335247
5.42 0.0044468334315512 0.028538812680413
5.43 0.0044023919081629 0.028297717789654
5.44 0.0043583964592609 0.028058602894711
5.45 0.0043148425691217 0.027821452329
5.46 0.0042717257684978 0.027586250543988
5.47 0.004229041634124 0.027352982108359
5.48 0.0041867857882296 0.027121631707182
5.49 0.0041449538980559 0.026892184141082
5.5 0.0041035416753794 0.026664624325423
5.51 0.0040625448760397 0.026438937289487
5.52 0.0040219592994733 0.02621510817567
5.53 0.0039817807882523 0.025993122238674
5.54 0.0039420052276285 0.02577296484471
5.55 0.0039026285450822 0.025554621470704
5.56 0.0038636467098761 0.025338077703505
5.57 0.0038250557326147 0.025123319239108
5.58 0.0037868516648076 0.024910331881874
5.59 0.0037490305984387 0.024699101543754
5.6 0.0037115886655397 0.024489614243527
5.61 0.0036745220377677 0.024281856106035
5.62 0.0036378269259889 0.024075813361425
5.63 0.0036014995798656 0.0238714723444
5.64 0.0035655362874482 0.02366881949347
5.65 0.0035299333747722 0.023467841350209
5.66 0.0034946872054586 0.023268524558522
5.67 0.0034597941803199 0.023070855863908
5.68 0.0034252507369693 0.022874822112737
5.69 0.0033910533494352 0.022680410251525
5.7 0.0033571985277791 0.022487607326221
5.71 0.0033236828177181 0.022296400481486
5.72 0.0032905028002517 0.022106776959994
5.73 0.0032576550912925 0.021918724101725
5.74 0.0032251363413004 0.021732229343267
5.75 0.0031929432349221 0.02154728021712
5.76 0.0031610724906332 0.021363864351014
5.77 0.0031295208603849 0.021181969467217
5.78 0.0030982851292546 0.021001583381858
5.79 0.0030673621150999 0.020822694004253
5.8 0.0030367486682168 0.020645289336234
5.81 0.0030064416710012 0.020469357471481
5.82 0.0029764380376145 0.020294886594864
5.83 0.0029467347136525 0.020121864981779
5.84 0.0029173286758183 0.019950280997503
5.85 0.0028882169315979 0.019780123096541
5.86 0.0028593965189405 0.019611379821982
5.87 0.0028308645059414 0.019444039804861
5.88 0.0028026179905283 0.019278091763523
5.89 0.002774654100152 0.019113524502989
5.9 0.0027469699914788 0.018950326914336
5.91 0.0027195628500881 0.018788487974064
5.92 0.0026924298901713 0.018627996743488
5.93 0.0026655683542359 0.018468842368116
5.94 0.0026389755128112 0.018311014077042
5.95 0.0026126486641579 0.018154501182341
5.96 0.002586585133981 0.017999293078462
5.97 0.0025607822751452 0.017845379241637
5.98 0.0025352374673938 0.01769274922928
5.99 0.0025099481170707 0.017541392679404
6 0.0024849116568446 0.017391299310027
6.01 0.0024601255454373 0.017242458918598
6.02 0.0024355872673541 0.017094861381414
6.03 0.0024112943326173 0.016948496653047
6.04 0.0023872442765026 0.016803354765773
6.05 0.0023634346592782 0.016659425829007
6.06 0.002339863065947 0.01651670002874
6.07 0.0023165271059911 0.01637516762698
6.08 0.0022934244131195 0.016234818961194
6.09 0.0022705526450179 0.016095644443764
6.1 0.0022479094831018 0.01595763456143
6.11 0.0022254926322718 0.015820779874755
6.12 0.0022032998206717 0.015685071017579
6.13 0.0021813287994491 0.015550498696485
6.14 0.0021595773425185 0.015417053690265
6.15 0.0021380432463273 0.015284726849392
6.16 0.0021167243296233 0.015153509095492
6.17 0.002095618433226 0.015023391420826
6.18 0.0020747234197993 0.014894364887767
6.19 0.002054037173627 0.014766420628288
6.2 0.0020335576003906 0.014639549843449
6.21 0.0020132826269499 0.014513743802891
6.22 0.0019932102011248 0.014388993844328
6.23 0.0019733382914806 0.014265291373049
6.24 0.001953664887115 0.014142627861418
6.25 0.0019341879974476 0.014020994848383
6.26 0.001914905652011 0.013900383938981
6.27 0.0018958159002449 0.013780786803854
6.28 0.001876916811292 0.013662195178761
6.29 0.0018582064737961 0.013544600864101
6.3 0.0018396829957021 0.013427995724432
6.31 0.0018213445040587 0.013312371688
6.32 0.0018031891448223 0.013197720746265
6.33 0.0017852150826639 0.013084034953434
6.34 0.0017674205007773 0.012971306425997
6.35 0.0017498036006896 0.012859527342265
6.36 0.001732362602074 0.01274868994191
6.37 0.0017150957425639 0.012638786525514
6.38 0.0016980012775692 0.012529809454113
6.39 0.0016810774800952 0.01242175114875
6.4 0.0016643226405623 0.012314604090027
6.41 0.0016477350666281 0.012208360817666
6.42 0.0016313130830118 0.012103013930066
6.43 0.0016150550313197 0.011998556083867
6.44 0.0015989592698727 0.011894979993518
6.45 0.0015830241735361 0.011792278430844
6.46 0.0015672481335507 0.011690444224619
6.47 0.0015516295573654 0.011589470260141
6.48 0.0015361668684726 0.011489349478814
6.49 0.001520858506244 0.011390074877721
6.5 0.0015057029257692 0.011291639509215
6.51 0.0014906985976953 0.011194036480505
6.52 0.0014758440080686 0.011097258953243
6.53 0.0014611376581775 0.011001300143116
6.54 0.0014465780643975 0.010906153319446
6.55 0.0014321637580376 0.010811811804785
6.56 0.0014178932851881 0.010718268974516
6.57 0.0014037652065705 0.010625518256458
6.58 0.0013897780973884 0.01053355313047
6.59 0.0013759305471802 0.010442367128064
6.6 0.0013622211596736 0.010351953832016
6.61 0.0013486485526409 0.010262306875976
6.62 0.0013352113577567 0.010173419944094
6.63 0.0013219082204563 0.010085286770633
6.64 0.0013087377997958 0.0099979011395924
6.65 0.0012956987683141 0.009911256884338
6.66 0.0012827898118957 0.0098253478872254
6.67 0.0012700096296352 0.0097401680792326
6.68 0.0012573569337034 0.0096557114395929
6.69 0.001244830449214 0.0095719719954301
6.7 0.001232428914093 0.009488943821397
6.71 0.0012201510789483 0.0094066210393173
6.72 0.0012079957069408 0.0093249978178276
6.73 0.0011959615736576 0.0092440683720235
6.74 0.0011840474669857 0.0091638269631088
6.75 0.0011722521869873 0.0090842678980452
6.76 0.0011605745457765 0.0090053855292069
6.77 0.001149013367397 0.0089271742540348
6.78 0.0011375674877012 0.0088496285146959
6.79 0.0011262357542307 0.0087727427977434
6.8 0.0011150170260979 0.0086965116337796
6.81 0.0011039101738686 0.0086209295971218
6.82 0.0010929140794463 0.0085459913054689
6.83 0.0010820276359571 0.0084716914195728
6.84 0.0010712497476364 0.0083980246429097
6.85 0.0010605793297163 0.0083249857213559
6.86 0.0010500153083142 0.0082525694428637
6.87 0.0010395566203229 0.0081807706371414
6.88 0.0010292022133016 0.0081095841753351
6.89 0.0010189510453678 0.0080390049697121
6.9 0.0010088020850907 0.0079690279733472
6.91 0.00099875431138527 0.0078996481798108
6.92 0.00098880671340813 0.0078308606228602
6.93 0.00097895829045358 0.0077626603761315
6.94 0.00096920805185133 0.007695042552835
6.95 0.00095955501686509 0.0076280023054526
6.96 0.00094999821459216 0.0075615348254364
6.97 0.00094053668386413 0.0074956353429106
6.98 0.00093116947314855 0.0074302991263756
6.99 0.00092189564045158 0.0073655214824121
7 0.00091271425322173 0.0073012977553912
7.01 0.00090362438825451 0.0072376233271821
7.02 0.00089462513159806 0.0071744936168655
7.03 0.00088571557845976 0.0071119040804476
7.04 0.00087689483311384 0.0070498502105746
7.05 0.00086816200880984 0.0069883275362532
7.06 0.00085951622768209 0.0069273316225696
7.07 0.00085095662066007 0.0068668580704108
7.08 0.00084248232737972 0.0068069025161911
7.09 0.00083409249609561 0.0067474606315755
7.1 0.00082578628359406 0.0066885281232102
7.11 0.0008175628551071 0.0066301007324514
7.12 0.00080942138422732 0.0065721742350977
7.13 0.00080136105282366 0.006514744441124
7.14 0.00079338105095791 0.0064578071944179
7.15 0.00078548057680223 0.0064013583725166
7.16 0.00077765883655738 0.0063453938863476
7.17 0.00076991504437185 0.0062899096799697
7.18 0.00076224842226181 0.0062349017303165
7.19 0.00075465820003187 0.0061803660469421
7.2 0.0007471436151966 0.0061262986717679
7.21 0.00073970391290297 0.0060726956788317
7.22 0.00073233834585341 0.0060195531740393
7.23 0.00072504617422983 0.0059668672949154
7.24 0.00071782666561828 0.00591463421036
7.25 0.00071067909493446 0.0058628501204039
7.26 0.00070360274434991 0.0058115112559659
7.27 0.00069659690321905 0.0057606138786139
7.28 0.00068966086800687 0.0057101542803255
7.29 0.0006827939422174 0.0056601287832521
7.3 0.00067599543632293 0.005610533739483
7.31 0.00066926466769388 0.0055613655308128
7.32 0.00066260096052945 0.0055126205685099
7.33 0.00065600364578893 0.0054642952930857
7.34 0.00064947206112375 0.0054163861740672
7.35 0.00064300555081017 0.0053688897097713
7.36 0.00063660346568271 0.0053218024270776
7.37 0.00063026516306818 0.0052751208812076
7.38 0.00062399000672049 0.0052288416555018
7.39 0.00061777736675599 0.0051829613612002
7.4 0.00061162661958958 0.0051374766372237
7.41 0.0006055371478714 0.005092384149958
7.42 0.00059950834042419 0.0050476805930374
7.43 0.00059353959218129 0.0050033626871326
7.44 0.00058763030412523 0.0049594271797381
7.45 0.000581779883227 0.0049158708449612
7.46 0.00057598774238588 0.0048726904833143
7.47 0.00057025330036993 0.004829882921507
7.48 0.00056457598175703 0.0047874450122401
7.49 0.00055895521687659 0.0047453736340022
7.5 0.00055339044175176 0.0047036656908663
7.51 0.00054788109804228 0.0046623181122884
7.52 0.00054242663298793 0.0046213278529082
7.53 0.00053702649935251 0.0045806918923513
7.54 0.00053168015536837 0.0045404072350312
7.55 0.00052638706468158 0.0045004709099551
7.56 0.00052114669629755 0.0044608799705291
7.57 0.00051595852452731 0.0044216314943669
7.58 0.00051082202893426 0.0043827225830974
7.59 0.00050573669428145 0.0043441503621768
7.6 0.00050070201047948 0.0043059119806986
7.61 0.00049571747253481 0.0042680046112085
7.62 0.00049078258049867 0.0042304254495179
7.63 0.00048589683941649 0.0041931717145205
7.64 0.00048105975927778 0.0041562406480093
7.65 0.0004762708549666 0.004119629514496
7.66 0.00047152964621244 0.0040833356010303
7.67 0.00046683565754165 0.0040473562170221
7.68 0.00046218841822938 0.0040116886940634
7.69 0.00045758746225196 0.0039763303857532
7.7 0.00045303232823975 0.0039412786675232
7.71 0.00044852255943055 0.0039065309364637
7.72 0.00044405770362337 0.0038720846111514
7.73 0.00043963731313276 0.0038379371314806
7.74 0.00043526094474353 0.0038040859584915
7.75 0.00043092815966599 0.0037705285742036
7.76 0.00042663852349157 0.0037372624814487
7.77 0.00042239160614897 0.0037042852037044
7.78 0.00041818698186069 0.0036715942849309
7.79 0.00041402422910001 0.0036391872894074
7.8 0.00040990293054842 0.0036070618015701
7.81 0.00040582267305347 0.0035752154258518
7.82 0.00040178304758705 0.0035436457865226
7.83 0.00039778364920409 0.0035123505275309
7.84 0.00039382407700166 0.0034813273123472
7.85 0.00038990393407849 0.0034505738238084
7.86 0.00038602282749493 0.0034200877639622
7.87 0.00038218036823327 0.0033898668539142
7.88 0.00037837617115846 0.0033599088336757
7.89 0.00037460985497926 0.0033302114620123
7.9 0.00037088104220977 0.0033007725162938
7.91 0.00036718935913131 0.0032715897923452
7.92 0.00036353443575476 0.0032426611042995
7.93 0.00035991590578318 0.0032139842844512
7.94 0.00035633340657489 0.0031855571831087
7.95 0.0003527865791069 0.0031573776684534
7.96 0.00034927506793865 0.003129443626393
7.97 0.00034579852117623 0.0031017529604218
7.98 0.00034235659043684 0.0030743035914775
7.99 0.00033894893081371 0.0030470934578032
8 0.00033557520084125 0.0030201205148067
8.01 0.0003322350624607 0.0029933827349234
8.02 0.00032892818098602 0.0029668781074794
8.03 0.00032565422507014 0.0029406046385552
8.04 0.00032241286667158 0.0029145603508518
8.05 0.00031920378102139 0.0028887432835554
8.06 0.0003160266465904 0.0028631514922068
8.07 0.00031288114505685 0.0028377830485675
8.08 0.00030976696127426 0.0028126360404908
8.09 0.00030668378323976 0.0027877085717908
8.1 0.00030363130206259 0.0027629987621145
8.11 0.00030060921193299 0.0027385047468134
8.12 0.00029761721009142 0.0027142246768173
8.13 0.00029465499679807 0.0026901567185084
8.14 0.00029172227530261 0.0026662990535963
8.15 0.00028881875181438 0.0026426498789949
8.16 0.00028594413547275 0.0026192074066978
8.17 0.00028309813831788 0.0025959698636584
8.18 0.00028028047526166 0.0025729354916675
8.19 0.00027749086405907 0.0025501025472339
8.2 0.00027472902527971 0.0025274693014652
8.21 0.00027199468227973 0.0025050340399488
8.22 0.00026928756117392 0.0024827950626361
8.23 0.00026660739080818 0.0024607506837246
8.24 0.00026395390273223 0.0024388992315433
8.25 0.00026132683117256 0.0024172390484376
8.26 0.00025872591300572 0.0023957684906559
8.27 0.00025615088773182 0.0023744859282366
8.28 0.00025360149744832 0.0023533897448963
8.29 0.00025107748682408 0.0023324783379184
8.3 0.00024857860307368 0.0023117501180433
8.31 0.00024610459593197 0.0022912035093583
8.32 0.00024365521762893 0.0022708369491901
8.33 0.00024123022286469 0.0022506488879958
8.34 0.00023882936878491 0.0022306377892575
8.35 0.00023645241495631 0.0022108021293751
8.36 0.00023409912334252 0.0021911403975618
8.37 0.00023176925828011 0.0021716510957393
8.38 0.00022946258645493 0.0021523327384346
8.39 0.00022717887687862 0.0021331838526768
8.4 0.00022491790086538 0.0021142029778955
8.41 0.00022267943200898 0.0020953886658199
8.42 0.00022046324616001 0.002076739480377
8.43 0.00021826912140335 0.0020582539975946
8.44 0.00021609683803581 0.0020399308054996
8.45 0.00021394617854412 0.0020217685040221
8.46 0.00021181692758299 0.002003765704897
8.47 0.00020970887195352 0.001985921031568
8.48 0.00020762180058174 0.0019682331190917
8.49 0.00020555550449741 0.0019507006140422
8.5 0.00020350977681301 0.001933322174418
8.51 0.00020148441270296 0.0019160964695469
8.52 0.00019947920938301 0.0018990221799944
8.53 0.00019749396608991 0.0018820979974707
8.54 0.00019552848406119 0.001865322624741
8.55 0.0001935825665152 0.0018486947755329
8.56 0.00019165601863137 0.0018322131744475
8.57 0.00018974864753059 0.0018158765568701
8.58 0.00018786026225587 0.0017996836688818
8.59 0.00018599067375313 0.0017836332671716
8.6 0.00018413969485225 0.001767724118949
8.61 0.00018230714024819 0.001751955001858
8.62 0.00018049282648249 0.0017363247038911
8.63 0.00017869657192472 0.0017208320233046
8.64 0.00017691819675434 0.0017054757685333
8.65 0.00017515752294258 0.001690254758108
8.66 0.00017341437423459 0.0016751678205718
8.67 0.00017168857613171 0.001660213794397
8.68 0.000169979955874 0.0016453915279046
8.69 0.00016828834242282 0.0016306998791824
8.7 0.00016661356644372 0.0016161377160055
8.71 0.00016495546028941 0.0016017039157541
8.72 0.00016331385798292 0.0015873973653375
8.73 0.00016168859520095 0.0015732169611132
8.74 0.00016007950925737 0.0015591616088094
8.75 0.0001584864390869 0.0015452302234484
8.76 0.00015690922522891 0.0015314217292692
8.77 0.00015534770981142 0.0015177350596517
8.78 0.0001538017365353 0.0015041691570407
8.79 0.00015227115065852 0.001490722972872
8.8 0.00015075579898065 0.0014773954674967
8.81 0.00014925552982746 0.001464185610109
8.82 0.00014777019303575 0.0014510923786715
8.83 0.0001462996399382 0.0014381147598439
8.84 0.00014484372334854 0.0014252517489103
8.85 0.0001434022975467 0.0014125023497084
8.86 0.00014197521826423 0.001399865574558
8.87 0.00014056234266981 0.0013873404441905
8.88 0.00013916352935493 0.001374925987681
8.89 0.00013777863831968 0.0013626212423767
8.9 0.00013640753095872 0.00135042525383
8.91 0.00013505007004738 0.0013383370757298
8.92 0.00013370611972786 0.001326355769834
8.93 0.00013237554549564 0.0013144804059023
8.94 0.00013105821418595 0.001302710061631
8.95 0.00012975399396044 0.0012910438225849
8.96 0.00012846275429392 0.0012794807821344
8.97 0.00012718436596132 0.0012680200413887
8.98 0.00012591870102468 0.0012566607091322
8.99 0.00012466563282033 0.001245401901761
9 0.00012342503594619 0.0012342427432186
9.01 0.00012219678624918 0.0012231823649352
9.02 0.00012098076081279 0.0012122199057622
9.03 0.00011977683794475 0.0012013545119133
9.04 0.00011858489716479 0.0011905853369013
9.05 0.00011740481919258 0.001179911541479
9.06 0.0001162364859358 0.0011693322935771
9.07 0.00011507978047823 0.0011588467682459
9.08 0.00011393458706809 0.0011484541475942
9.09 0.00011280079110639 0.0011381536207327
9.1 0.00011167827913545 0.0011279443837133
9.11 0.00011056693882753 0.0011178256394729
9.12 0.00010946665897357 0.0011077965977751
9.13 0.00010837732947203 0.0010978564751533
9.14 0.00010729884131785 0.001088004494854
9.15 0.00010623108659152 0.0010782398867817
9.16 0.00010517395844827 0.0010685618874415
9.17 0.00010412735110735 0.0010589697398854
9.18 0.00010309115984142 0.0010494626936572
9.19 0.00010206528096608 0.0010400400047379
9.2 0.00010104961182943 0.0010307009354921
9.21 0.00010004405080181 0.0010214447546142
9.22 9.9048497265608e-05 0.001012270737076
9.23 9.8062851605174e-05 0.0010031781640738
9.24 9.7087015196824e-05 0.00099416632297627
9.25 9.6120890398969e-05 0.00098523450727261
9.26 9.5164380542314e-05 0.0009763820165217
9.27 9.4217389920182e-05 0.00096760815630064
9.28 9.3279823778909e-05 0.00095891223815503
9.29 9.2351588308357e-05 0.00095029357954769
9.3 9.1432590632504e-05 0.0009417515038102
9.31 9.0522738800142e-05 0.00093328534009358
9.32 8.9621941775656e-05 0.00092489442331845
9.33 8.8730109429905e-05 0.00091657809412761
9.34 8.7847152531187e-05 0.00090833569883729
9.35 8.6972982736296e-05 0.00090016658938994
9.36 8.6107512581674e-05 0.0008920701233072
9.37 8.5250655474637e-05 0.00088404566364145
9.38 8.4402325684708e-05 0.00087609257893139
9.39 8.3562438335018e-05 0.0008682102431548
9.4 8.2730909393805e-05 0.00086039803568264
9.41 8.1907655665993e-05 0.00085265534123411
9.42 8.1092594784859e-05 0.00084498154983158
9.43 8.0285645203771e-05 0.00083737605675548
9.44 7.9486726188029e-05 0.00082983826250047
9.45 7.8695757806765e-05 0.00082236757273199
9.46 7.7912660924944e-05 0.0008149633982412
9.47 7.7137357195428e-05 0.00080762515490324
9.48 7.6369769051131e-05 0.00080035226363344
9.49 7.5609819697245e-05 0.0007931441503458
9.5 7.4857433103549e-05 0.00078600024590938
9.51 7.4112533996789e-05 0.000778919986108
9.52 7.337504785314e-05 0.00077190281159794
9.53 7.2644900890737e-05 0.00076494816786649
9.54 7.1922020062289e-05 0.000758055505192
9.55 7.1206333047754e-05 0.00075122427860312
9.56 7.0497768247101e-05 0.0007444539478385
9.57 6.9796254773134e-05 0.00073774397730669
9.58 6.9101722444392e-05 0.00073109383604761
9.59 6.8414101778119e-05 0.00072450299769238
9.6 6.7733323983306e-05 0.00071797094042503
9.61 6.7059320953796e-05 0.00071149714694402
9.62 6.6392025261466e-05 0.00070508110442382
9.63 6.5731370149474e-05 0.00069872230447706
9.64 6.5077289525567e-05 0.00069242024311723
9.65 6.4429717955469e-05 0.0006861744207206
9.66 6.3788590656319e-05 0.00067998434199062
9.67 6.3153843490191e-05 0.00067384951592027
9.68 6.2525412957663e-05 0.00066776945575558
9.69 6.1903236191461e-05 0.00066174367896048
9.7 6.1287250950163e-05 0.00065577170717998
9.71 6.0677395611964e-05 0.00064985306620543
9.72 6.0073609168505e-05 0.00064398728593936
9.73 5.9475831218765e-05 0.00063817390036015
9.74 5.8884001963009e-05 0.00063241244748804
9.75 5.8298062196801e-05 0.00062670246934962
9.76 5.7717953305076e-05 0.00062104351194554
9.77 5.7143617256268e-05 0.00061543512521569
9.78 5.6574996596503e-05 0.00060987686300544
9.79 5.6012034443838e-05 0.00060436828303367
9.8 5.5454674482573e-05 0.0005989089468582
9.81 5.4902860957608e-05 0.00059349841984473
9.82 5.4356538668859e-05 0.00058813627113392
9.83 5.3815652965733e-05 0.00058282207360851
9.84 5.3280149741655e-05 0.00057755540386283
9.85 5.2749975428649e-05 0.0005723358421697
9.86 5.2225076991977e-05 0.00056716297245089
9.87 5.1705401924826e-05 0.00056203638224472
9.88 5.119089824305e-05 0.00055695566267504
9.89 5.068151447997e-05 0.00055192040842239
9.9 5.0177199681216e-05 0.00054693021769176
9.91 4.9677903399626e-05 0.00054198469218367
9.92 4.9183575690199e-05 0.0005370834370645
9.93 4.8694167105088e-05 0.00053222606093618
9.94 4.8209628688655e-05 0.00052741217580709
9.95 4.7729911972568e-05 0.00052264139706361
9.96 4.7254968970948e-05 0.00051791334344067
9.97 4.6784752175562e-05 0.0005132276369934
9.98 4.6319214551072e-05 0.00050858390306906
9.99 4.5858309530325e-05 0.00050398177027826
10 4.5401991009688e-05 0.00049942087046737
10.01 4.4950213344433e-05 0.00049490083869163
10.02 4.4502931344171e-05 0.00049042131318685
10.03 4.4060100268325e-05 0.00048598193534189
10.04 4.3621675821652e-05 0.00048158234967347
10.05 4.3187614149809e-05 0.00047722220379726
10.06 4.275787183496e-05 0.00047290114840293
10.07 4.2332405891436e-05 0.00046861883722714
10.08 4.1911173761425e-05 0.00046437492702799
10.09 4.1494133310717e-05 0.00046016907755805
10.1 4.1081242824484e-05 0.00045600095154058
10.11 4.0672461003103e-05 0.00045187021464241
10.12 4.0267746958025e-05 0.00044777653544928
10.13 3.9867060207681e-05 0.00044371958544144
10.14 3.9470360673426e-05 0.00043969903896781
10.15 3.9077608675536e-05 0.00043571457322241
10.16 3.8688764929228e-05 0.00043176586821931
10.17 3.8303790540729e-05 0.00042785260676844
10.18 3.7922647003388e-05 0.00042397447445236
10.19 3.7545296193817e-05 0.00042013115960183
10.2 3.7171700368075e-05 0.00041632235327178
10.21 3.6801822157896e-05 0.00041254774921955
10.22 3.6435624566939e-05 0.00040880704387993
10.23 3.6073070967095e-05 0.00040509993634306
10.24 3.5714125094815e-05 0.00040142612833156
10.25 3.535875104748e-05 0.00039778532417833
10.26 3.5006913279813e-05 0.00039417723080292
10.27 3.4658576600315e-05 0.00039060155769091
10.28 3.4313706167748e-05 0.00038705801687046
10.29 3.3972267487645e-05 0.00038354632289106
10.3 3.3634226408857e-05 0.00038006619280224
10.31 3.3299549120139e-05 0.0003766173461311
10.32 3.2968202146762e-05 0.0003731995048621
10.33 3.2640152347165e-05 0.00036981239341516
10.34 3.2315366909637e-05 0.0003664557386251
10.35 3.1993813349034e-05 0.00036312926972044
10.36 3.1675459503528e-05 0.00035983271830329
10.37 3.1360273531388e-05 0.00035656581832877
10.38 3.1048223907793e-05 0.00035332830608467
10.39 3.0739279421679e-05 0.00035011992017089
10.4 3.0433409172611e-05 0.00034694040148083
10.41 3.0130582567697e-05 0.00034378949318041
10.42 2.9830769318521e-05 0.00034066694068889
10.43 2.9533939438115e-05 0.00033757249165936
10.44 2.9240063237956e-05 0.00033450589595993
10.45 2.8949111324998e-05 0.00033146690565382
10.46 2.8661054598727e-05 0.0003284552749813
10.47 2.8375864248253e-05 0.0003254707603403
10.48 2.8093511749421e-05 0.00032251312026799
10.49 2.7813968861964e-05 0.00031958211542266
10.5 2.753720762667e-05 0.00031667750856474
10.51 2.726320036259e-05 0.00031379906453919
10.52 2.6991919664263e-05 0.00031094655025695
10.53 2.6723338398978e-05 0.0003081197346782
10.54 2.6457429704057e-05 0.0003053183887931
10.55 2.6194166984165e-05 0.00030254228560589
10.56 2.5933523908652e-05 0.00029979120011588
10.57 2.5675474408918e-05 0.00029706490930197
10.58 2.5419992675802e-05 0.00029436319210339
10.59 2.5167053157e-05 0.00029168582940473
10.6 2.4916630554513e-05 0.00028903260401829
10.61 2.4668699822107e-05 0.00028640330066734
10.62 2.4423236162814e-05 0.00028379770596955
10.63 2.418021502645e-05 0.00028121560842097
10.64 2.3939612107153e-05 0.00027865679837924
10.65 2.3701403340958e-05 0.00027612106804823
10.66 2.3465564903385e-05 0.00027360821146147
10.67 2.3232073207057e-05 0.00027111802446581
10.68 2.3000904899337e-05 0.00026865030470751
10.69 2.2772036859996e-05 0.00026620485161442
10.7 2.2545446198897e-05 0.00026378146638234
10.71 2.2321110253703e-05 0.00026137995195862
10.72 2.2099006587614e-05 0.00025900011302739
10.73 2.1879112987117e-05 0.00025664175599461
10.74 2.1661407459769e-05 0.00025430468897271
10.75 2.144586823199e-05 0.00025198872176645
10.76 2.1232473746892e-05 0.00024969366585772
10.77 2.1021202662115e-05 0.00024741933439074
10.78 2.0812033847697e-05 0.00024516554215841
10.79 2.0604946383956e-05 0.00024293210558791
10.8 2.0399919559401e-05 0.00024071884272538
10.81 2.0196932868655e-05 0.00023852557322349
10.82 1.9995966010409e-05 0.00023635211832633
10.83 1.9796998885386e-05 0.00023419830085607
10.84 1.9600011594331e-05 0.00023206394519922
10.85 1.9404984436024e-05 0.00022994887729254
10.86 1.9211897905303e-05 0.00022785292461061
10.87 1.9020732691118e-05 0.00022577591615173
10.88 1.8831469674595e-05 0.00022371768242423
10.89 1.8644089927125e-05 0.00022167805543452
10.9 1.8458574708472e-05 0.00021965686867346
10.91 1.8274905464892e-05 0.00021765395710282
10.92 1.8093063827286e-05 0.00021566915714384
10.93 1.7913031609352e-05 0.0002137023066631
10.94 1.7734790805775e-05 0.00021175324496137
10.95 1.755832359042e-05 0.00020982181275998
10.96 1.7383612314549e-05 0.00020790785218874
10.97 1.7210639505058e-05 0.00020601120677419
10.98 1.7039387862726e-05 0.00020413172142673
10.99 1.6869840260487e-05 0.00020226924242912
11 1.6701979741714e-05 0.00020042361742408
11.01 1.6535789518525e-05 0.00019859469540282
11.02 1.6371252970101e-05 0.00019678232669321
11.03 1.6208353641027e-05 0.00019498636294756
11.04 1.6047075239642e-05 0.00019320665713246
11.05 1.5887401636409e-05 0.00019144306351537
11.06 1.5729316862307e-05 0.00018969543765502
11.07 1.5572805107226e-05 0.00018796363638937
11.08 1.541785071839e-05 0.00018624751782432
11.09 1.5264438198792e-05 0.00018454694132303
11.1 1.5112552205638e-05 0.00018286176749479
11.11 1.4962177548819e-05 0.00018119185818407
11.12 1.4813299189386e-05 0.00017953707645943
11.13 1.4665902238051e-05 0.00017789728660422
11.14 1.4519971953691e-05 0.00017627235410397
11.15 1.4375493741879e-05 0.00017466214563741
11.16 1.423245315342e-05 0.0001730665290651
11.17 1.4090835882908e-05 0.0001714853734202
11.18 1.3950627767296e-05 0.00016991854889646
11.19 1.3811814784476e-05 0.00016836592684056
11.2 1.3674383051876e-05 0.00016682737973936
11.21 1.3538318825076e-05 0.00016530278121199
11.22 1.340360849643e-05 0.00016379200599885
11.23 1.3270238593702e-05 0.00016229492995218
11.24 1.3138195778725e-05 0.00016081143002616
11.25 1.3007466846061e-05 0.00015934138426789
11.26 1.2878038721681e-05 0.00015788467180649
11.27 1.2749898461661e-05 0.00015644117284531
11.28 1.2623033250883e-05 0.00015501076865101
11.29 1.2497430401754e-05 0.0001535933415452
11.3 1.2373077352937e-05 0.00015218877489527
11.31 1.2249961668097e-05 0.00015079695310414
11.32 1.2128071034653e-05 0.00014941776160236
11.33 1.2007393262548e-05 0.00014805108683905
11.34 1.1887916283031e-05 0.00014669681627181
11.35 1.1769628147448e-05 0.00014535483835941
11.36 1.1652517026047e-05 0.00014402504255176
11.37 1.1536571206796e-05 0.00014270731928228
11.38 1.1421779094208e-05 0.00014140155995838
11.39 1.1308129208187e-05 0.00014010765695294
11.4 1.1195610182875e-05 0.00013882550359731
11.41 1.1084210765515e-05 0.00013755499417055
11.42 1.0973919815328e-05 0.00013629602389337
11.43 1.0864726302398e-05 0.00013504848891807
11.44 1.0756619306566e-05 0.00013381228632165
11.45 1.0649588016341e-05 0.000132587314097
11.46 1.0543621727819e-05 0.00013137347114518
11.47 1.0438709843608e-05 0.00013017065726689
11.48 1.0334841871772e-05 0.00012897877315564
11.49 1.023200742478e-05 0.00012779772038875
11.5 1.0130196218467e-05 0.00012662740142085
11.51 1.0029398071005e-05 0.00012546771957406
11.52 9.9296029018859e-06 0.00012431857903347
11.53 9.8308007309124e-06 0.00012317988483622
11.54 9.7329816771993e-06 0.00012205154286701
11.55 9.6361359581853e-06 0.00012093345984811
11.56 9.5402538886552e-06 0.00011982554333363
11.57 9.4453258797704e-06 0.00011872770170204
11.58 9.3513424381103e-06 0.00011763984414793
11.59 9.2582941647223e-06 0.00011656188067604
11.6 9.1661717541821e-06 0.00011549372209373
11.61 9.0749659936627e-06 0.00011443528000276
11.62 8.9846677620128e-06 0.0001133864667947
11.63 8.8952680288447e-06 0.00011234719564168
11.64 8.8067578536312e-06 0.00011131738049065
11.65 8.7191283848108e-06 0.00011029693605653
11.66 8.6323708589029e-06 0.00010928577781492
11.67 8.546476599631e-06 0.00010828382199626
11.68 8.4614370170548e-06 0.00010729098557852
11.69 8.3772436067114e-06 0.00010630718628033
11.7 8.2938879487642e-06 0.00010533234255535
11.71 8.2113617071609e-06 0.00010436637358502
11.72 8.1296566288001e-06 0.00010340919927281
11.73 8.0487645427053e-06 0.00010246074023746
11.74 7.9686773592077e-06 0.00010152091780666
11.75 7.8893870691375e-06 0.00010058965401046
11.76 7.8108857430223e-06 9.966687157626e-05
11.77 7.7331655302944e-06 9.8752493921172e-05
11.78 7.6562186585052e-06 9.7846445147125e-05
11.79 7.5800374325482e-06 9.6948650034072e-05
11.8 7.504614233889e-06 9.605903403421e-05
11.81 7.4299415198037e-06 9.5177523266814e-05
11.82 7.356011822624e-06 9.4304044510668e-05
11.83 7.2828177489905e-06 9.3438525200088e-05
11.84 7.2103519791136e-06 9.2580893417333e-05
11.85 7.1386072660408e-06 9.1731077888827e-05
11.86 7.067576434932e-06 9.0889007978093e-05
11.87 6.9972523823422e-06 9.0054613680177e-05
11.88 6.927628075511e-06 8.9227825616557e-05
11.89 6.8586965516585e-06 8.8408575030086e-05
11.9 6.79045091729e-06 8.7596793778099e-05
11.91 6.7228843475057e-06 8.6792414327774e-05
11.92 6.6559900853183e-06 8.5995369751318e-05
11.93 6.5897614409774e-06 8.5205593719407e-05
11.94 6.5241917913002e-06 8.4423020496895e-05
11.95 6.4592745790091e-06 8.3647584937118e-05
11.96 6.3950033120758e-06 8.2879222476453e-05
11.97 6.3313715630723e-06 8.2117869129923e-05
11.98 6.2683729685278e-06 8.1363461485278e-05
11.99 6.206001228292e-06 8.0615936698344e-05
12 6.1442501049056e-06 7.987523248796e-05
12.01 6.083113422976e-06 7.9141287130843e-05
12.02 6.0225850685598e-06 7.8414039457043e-05
12.03 5.9626589885512e-06 7.7693428844221e-05
